# mental ray scene file from "Writing mental ray shaders"
# http://www.writingshaders.com/scene_catalog.html

verbose on

# The standard contour shader library -- provides shader "contour_composite":
link "contour.so"
$include "contour.mi"

link "front_bright.so"
$include "front_bright.mi"
link "c_store.so"
$include "c_store.mi"
link "c_contrast.so"
$include "c_contrast.mi"
link "c_contour.so"
$include "c_contour.mi"

 

options "opt"
    object space
    samples 0 3
    contour store "c_store" ()
    contour contrast "c_contrast" ()
end options

camera "cam"
    output "contour,rgba" 
        "contour_composite" ()
    output "rgba" "tif" 
        "contours_3.tif"
    focal 32
    aperture 33.3
    aspect 1.333
    resolution 400 300
end camera

material "outline"
    "front_bright" ()
     contour "c_contour" ( "width" .4 )
end material

instance "camera-instance" "cam"
    transform 
        0.929296 -0.161758 0.332029 0 
        5.55112e-17 0.89899 0.437969 0 
        -0.369336 -0.407003 0.835428 0 
        0.536132 -0.346647 -10.7048 1 
end instance


instance "square-1"
    geometry "bw_square" ()
    material "outline"
    transform 
        0.0010 0.0 0.0 0.0 
        0.0 -0.0 -0.0010 0.0 
        0.0 0.0010 -0.0 0.0 
        0.0 0.0 0.0 1.0 
    tag 1
    globillum on
    globillum 3
end instance

instance "cube-1"
    geometry "bw_cube" ("name" "cube")
    material "outline"
    transform 
        0.902178 0.079910 0.423898 0.0 
        -0.0 0.982691 -0.185250 0.0 
        -0.431365 0.167129 0.886562 0.0 
        0.0 -2.948074 0.555751 1.0 
    tag 2
    globillum on
    globillum 3
end instance

instance "cube-2"
    geometry "bw_cube" ("name" "cube")
    material "outline"
    transform 
        0.831508 0.436807 0.343211 0.0 
        -0.0 0.617828 -0.786313 0.0 
        -0.555512 0.653826 0.513729 0.0 
        0.137998 -0.999253 2.394253 1.0 
    tag 3
    globillum on
    globillum 3
end instance

instance "cube-3"
    geometry "bw_cube" ("name" "cube")
    material "outline"
    transform 
        0.641041 0.611284 0.464111 0.0 
        -0.0 0.604699 -0.796454 0.0 
        -0.767507 0.510560 0.387637 0.0 
        0.704274 -1.461386 2.029371 1.0 
    tag 4
    globillum on
    globillum 3
end instance

instance "cube-4"
    geometry "bw_cube" ("name" "cube")
    material "outline"
    transform 
        0.402828 0.156093 0.901867 0.0 
        0.0 0.985350 -0.170542 0.0 
        -0.915276 0.068699 0.396927 0.0 
        -0.659052 -2.507073 0.173886 1.0 
    tag 5
    globillum on
    globillum 3
end instance

instance "cube-5"
    geometry "bw_cube" ("name" "cube")
    material "outline"
    transform 
        0.497204 0.166216 0.851564 0.0 
        0.0 0.981478 -0.191574 0.0 
        -0.867634 0.095252 0.487995 0.0 
        0.185215 -2.584429 -0.190843 1.0 
    tag 6
    globillum on
    globillum 3
end instance

instance "cube-6"
    geometry "bw_cube" ("name" "cube")
    material "outline"
    transform 
        0.439321 0.783161 0.440064 0.0 
        0.0 0.489869 -0.871796 0.0 
        -0.898330 0.382999 0.215210 0.0 
        -0.459009 0.186422 2.398866 1.0 
    tag 7
    globillum on
    globillum 3
end instance

instance "cube-7"
    geometry "bw_cube" ("name" "cube")
    material "outline"
    transform 
        0.436219 0.836770 0.330950 0.0 
        0.0 0.367788 -0.929910 0.0 
        -0.899840 0.405645 0.160436 0.0 
        0.436219 0.101195 2.190770 1.0 
    tag 8
    globillum on
    globillum 3
end instance

instance "cube-8"
    geometry "bw_cube" ("name" "cube")
    material "outline"
    transform 
        0.959887 0.257492 0.110974 0.0 
        0.0 0.395789 -0.918342 0.0 
        -0.280388 0.881504 0.379912 0.0 
        1.240274 -1.415590 1.567745 1.0 
    tag 9
    globillum on
    globillum 3
end instance

instance "cube-9"
    geometry "bw_cube" ("name" "cube")
    material "outline"
    transform 
        0.901562 0.103519 0.420083 0.0 
        0.0 0.970953 -0.239268 0.0 
        -0.432650 0.215715 0.875375 0.0 
        -0.432650 -1.726192 1.353912 1.0 
    tag 10
    globillum on
    globillum 3
end instance

instance "cube-10"
    geometry "bw_cube" ("name" "cube")
    material "outline"
    transform 
        0.604881 0.308563 0.734103 0.0 
        0.0 0.921874 -0.387489 0.0 
        -0.796316 0.234385 0.557625 0.0 
        0.0 -1.843749 0.774978 1.0 
    tag 11
    globillum on
    globillum 3
end instance

instance "cube-11"
    geometry "bw_cube" ("name" "cube")
    material "outline"
    transform 
        0.860067 0.282559 0.424788 0.0 
        0.0 0.832622 -0.553841 0.0 
        -0.510181 0.476341 0.716111 0.0 
        0.510181 -2.141585 0.391571 1.0 
    tag 12
    globillum on
    globillum 3
end instance

instance "cube-12"
    geometry "bw_cube" ("name" "cube")
    material "outline"
    transform 
        0.607012 0.343082 0.716820 0.0 
        0.0 0.902009 -0.431717 0.0 
        -0.794693 0.262058 0.547530 0.0 
        -1.401705 -1.885043 0.694145 1.0 
    tag 13
    globillum on
    globillum 3
end instance

instance "cube-13"
    geometry "bw_cube" ("name" "cube")
    material "outline"
    transform 
        0.448729 0.666561 0.595263 0.0 
        -0.0 0.666090 -0.745872 0.0 
        -0.893668 0.334694 0.298894 0.0 
        -0.448729 -1.998741 0.896480 1.0 
    tag 14
    globillum on
    globillum 3
end instance

instance "cube-14"
    geometry "bw_cube" ("name" "cube")
    material "outline"
    transform 
        0.015720 0.369632 0.929045 0.0 
        0.0 0.929160 -0.369678 0.0 
        -0.999876 0.005811 0.014607 0.0 
        0.984156 -2.233764 -0.204296 1.0 
    tag 15
    globillum on
    globillum 3
end instance

instance "cube-15"
    geometry "bw_cube" ("name" "cube")
    material "outline"
    transform 
        0.455622 0.673276 0.582329 0.0 
        -0.0 0.654175 -0.756343 0.0 
        -0.890173 0.344607 0.298057 0.0 
        -0.651826 0.545562 2.455094 1.0 
    tag 16
    globillum on
    globillum 3
end instance

instance "cube-16"
    geometry "bw_cube" ("name" "cube")
    material "outline"
    transform 
        0.964506 0.248635 0.088935 0.0 
        0.0 0.336796 -0.941578 0.0 
        -0.264062 0.908157 0.324842 0.0 
        1.314728 0.321836 1.708190 1.0 
    tag 17
    globillum on
    globillum 3
end instance

instance "cube-17"
    geometry "bw_cube" ("name" "cube")
    material "outline"
    transform 
        0.271203 0.961570 0.042795 0.0 
        0.0 0.044461 -0.999011 0.0 
        -0.962522 0.270934 0.012058 0.0 
        0.888065 1.240197 1.556680 1.0 
    tag 18
    globillum on
    globillum 3
end instance

instance "cube-18"
    geometry "bw_cube" ("name" "cube")
    material "outline"
    transform 
        0.054388 0.827181 0.559297 0.0 
        0.0 0.560126 -0.828407 0.0 
        -0.998520 0.045055 0.030464 0.0 
        1.579361 0.332999 2.035861 1.0 
    tag 19
    globillum on
    globillum 3
end instance

instance "cube-19"
    geometry "bw_cube" ("name" "cube")
    material "outline"
    transform 
        0.230816 0.367725 0.900834 0.0 
        0.0 0.925834 -0.377930 0.0 
        -0.972997 0.087232 0.213697 0.0 
        -1.344088 -1.074041 1.337858 1.0 
    tag 20
    globillum on
    globillum 3
end instance

instance "cube-20"
    geometry "bw_cube" ("name" "cube")
    material "outline"
    transform 
        0.116029 0.957656 0.26350 0.0 
        0.0 0.265292 -0.964168 0.0 
        -0.993246 0.111872 0.030782 0.0 
        -0.438608 0.136826 1.593393 1.0 
    tag 21
    globillum on
    globillum 3
end instance

instance "cube-21"
    geometry "bw_cube" ("name" "cube")
    material "outline"
    transform 
        0.910874 0.406772 0.069599 0.0 
        0.0 0.168651 -0.985676 0.0 
        -0.412684 0.897827 0.153620 0.0 
        0.661779 -0.498503 1.436504 1.0 
    tag 22
    globillum on
    globillum 3
end instance

instance "cube-22"
    geometry "bw_cube" ("name" "cube")
    material "outline"
    transform 
        0.480799 0.580314 0.657319 0.0 
        0.0 0.749653 -0.661831 0.0 
        -0.876831 0.318208 0.360432 0.0 
        1.555646 -1.311634 0.780758 1.0 
    tag 23
    globillum on
    globillum 3
end instance

instance "cube-23"
    geometry "bw_cube" ("name" "cube")
    material "outline"
    transform 
        0.991606 0.068963 0.109372 0.0 
        0.0 0.845889 -0.533359 0.0 
        -0.129299 0.528882 0.838788 0.0 
        -0.689751 -0.509993 2.003535 1.0 
    tag 24
    globillum on
    globillum 3
end instance

instance "cube-24"
    geometry "bw_cube" ("name" "cube")
    material "outline"
    transform 
        0.640932 0.040083 0.766550 0.0 
        0.0 0.998636 -0.052219 0.0 
        -0.767597 0.033469 0.640058 0.0 
        -0.704265 -1.501261 0.015083 1.0 
    tag 25
    globillum on
    globillum 3
end instance

instance "cube-25"
    geometry "bw_cube" ("name" "cube")
    material "outline"
    transform 
        0.858676 0.377699 0.346438 0.0 
        0.0 0.675952 -0.736946 0.0 
        -0.512519 0.632798 0.580423 0.0 
        -0.173078 -1.519176 0.641988 1.0 
    tag 26
    globillum on
    globillum 3
end instance

instance "cube-26"
    geometry "bw_cube" ("name" "cube")
    material "outline"
    transform 
        0.752772 0.467260 0.463684 0.0 
        0.0 0.704386 -0.709818 0.0 
        -0.658282 0.534331 0.530242 0.0 
        0.611037 -2.091704 0.037522 1.0 
    tag 27
    globillum on
    globillum 3
end instance

instance "cube-27"
    geometry "bw_cube" ("name" "cube")
    material "outline"
    transform 
        0.565782 0.817168 0.110122 0.0 
        0.0 0.133554 -0.991042 0.0 
        -0.824555 0.560714 0.075562 0.0 
        -2.085505 -0.585012 1.434722 1.0 
    tag 28
    globillum on
    globillum 3
end instance

instance "cube-28"
    geometry "bw_cube" ("name" "cube")
    material "outline"
    transform 
        0.144547 0.983308 0.110508 0.0 
        -0.0 0.111681 -0.993744 0.0 
        -0.989498 0.143643 0.016143 0.0 
        -0.711569 -1.570661 1.332926 1.0 
    tag 29
    globillum on
    globillum 3
end instance

instance "cube-29"
    geometry "bw_cube" ("name" "cube")
    material "outline"
    transform 
        0.615276 0.738788 0.275005 0.0 
        -0.0 0.348854 -0.937177 0.0 
        -0.788312 0.576622 0.214641 0.0 
        -0.528758 -1.919774 0.885937 1.0 
    tag 30
    globillum on
    globillum 3
end instance

instance "cube-30"
    geometry "bw_cube" ("name" "cube")
    material "outline"
    transform 
        0.952242 0.295784 0.075806 0.0 
        0.0 0.248263 -0.968693 0.0 
        -0.305344 0.922430 0.236406 0.0 
        -0.970348 -2.199716 0.984721 1.0 
    tag 31
    globillum on
    globillum 3
end instance

instance "cube-31"
    geometry "bw_cube" ("name" "cube")
    material "outline"
    transform 
        0.024692 0.325368 0.945265 0.0 
        -0.0 0.945553 -0.325467 0.0 
        -0.999695 0.008037 0.023348 0.0 
        -1.950006 -0.278744 2.262693 1.0 
    tag 32
    globillum on
    globillum 3
end instance

instance "cube-32"
    geometry "bw_cube" ("name" "cube")
    material "outline"
    transform 
        0.045027 0.125075 0.991125 0.0 
        -0.0 0.992131 -0.125202 0.0 
        -0.998986 0.005637 0.044672 0.0 
        -0.908933 -0.736343 2.152125 1.0 
    tag 33
    globillum on
    globillum 3
end instance

instance "cube-33"
    geometry "bw_cube" ("name" "cube")
    material "outline"
    transform 
        0.592761 0.042702 0.804246 0.0 
        0.0 0.998593 -0.053022 0.0 
        -0.805378 0.031429 0.591927 0.0 
        1.185522 -0.913189 1.661513 1.0 
    tag 34
    globillum on
    globillum 3
end instance

instance "cube-34"
    geometry "bw_cube" ("name" "cube")
    material "outline"
    transform 
        0.926904 0.312277 0.208165 0.0 
        0.0 0.554665 -0.832074 0.0 
        -0.375299 0.771252 0.514121 0.0 
        2.229107 -0.701363 0.734284 1.0 
    tag 35
    globillum on
    globillum 3
end instance

instance "cube-35"
    geometry "bw_cube" ("name" "cube")
    material "outline"
    transform 
        0.182695 0.983166 0.002759 0.0 
        0.0 0.002807 -0.999996 0.0 
        -0.983170 0.182694 0.000513 0.0 
        2.331729 1.598137 1.004489 1.0 
    tag 36
    globillum on
    globillum 3
end instance

instance "cube-36"
    geometry "bw_cube" ("name" "cube")
    material "outline"
    transform 
        0.309929 0.647410 0.696279 0.0 
        0.0 0.732339 -0.680940 0.0 
        -0.950760 0.211043 0.226974 0.0 
        -1.591590 0.337157 1.831166 1.0 
    tag 37
    globillum on
    globillum 3
end instance

instance "cube-37"
    geometry "bw_cube" ("name" "cube")
    material "outline"
    transform 
        0.303226 0.682456 0.665063 0.0 
        0.0 0.697922 -0.716174 0.0 
        -0.952919 0.217162 0.211628 0.0 
        -0.649693 0.201696 1.592865 1.0 
    tag 38
    globillum on
    globillum 3
end instance

instance "cube-38"
    geometry "bw_cube" ("name" "cube")
    material "outline"
    transform 
        0.660405 0.063160 0.748249 0.0 
        0.0 0.996456 -0.084111 0.0 
        -0.750910 0.055547 0.658065 0.0 
        0.660405 -0.933297 0.832360 1.0 
    tag 39
    globillum on
    globillum 3
end instance

instance "cube-39"
    geometry "bw_cube" ("name" "cube")
    material "outline"
    transform 
        0.822825 0.567551 0.029066 0.0 
        0.0 0.051145 -0.998691 0.0 
        -0.568295 0.821748 0.042084 0.0 
        1.391120 -0.305343 0.985673 1.0 
    tag 40
    globillum on
    globillum 3
end instance

instance "cube-40"
    geometry "bw_cube" ("name" "cube")
    material "outline"
    transform 
        0.982236 0.054689 0.179506 0.0 
        -0.0 0.956590 -0.291436 0.0 
        -0.187652 0.286259 0.939597 0.0 
        1.357540 -1.474419 -1.408252 1.0 
    tag 41
    globillum on
    globillum 3
end instance

instance "cube-41"
    geometry "bw_cube" ("name" "cube")
    material "outline"
    transform 
        0.998645 0.033376 0.039927 0.0 
        -0.0 0.767243 -0.641357 0.0 
        -0.052040 0.640488 0.766203 0.0 
        -0.104080 0.513732 2.173763 1.0 
    tag 42
    globillum on
    globillum 3
end instance

instance "cube-42"
    geometry "bw_cube" ("name" "cube")
    material "outline"
    transform 
        0.799992 0.576666 0.165736 0.0 
        -0.0 0.276223 -0.961094 0.0 
        -0.600010 0.768868 0.220976 0.0 
        -0.600010 0.492645 1.182070 1.0 
    tag 43
    globillum on
    globillum 3
end instance

instance "cube-43"
    geometry "bw_cube" ("name" "cube")
    material "outline"
    transform 
        0.817484 0.133951 0.560158 0.0 
        0.0 0.972579 -0.232573 0.0 
        -0.575951 0.190125 0.795068 0.0 
        0.0 -0.972579 0.232573 1.0 
    tag 44
    globillum on
    globillum 3
end instance

instance "cube-44"
    geometry "bw_cube" ("name" "cube")
    material "outline"
    transform 
        0.810078 0.423932 0.405037 0.0 
        0.0 0.690810 -0.723037 0.0 
        -0.586322 0.585716 0.559610 0.0 
        0.586322 -1.276526 0.163427 1.0 
    tag 45
    globillum on
    globillum 3
end instance

instance "cube-45"
    geometry "bw_cube" ("name" "cube")
    material "outline"
    transform 
        0.134839 0.520687 0.843033 0.0 
        0.0 0.850803 -0.525486 0.0 
        -0.990868 0.070856 0.114721 0.0 
        1.981735 -0.992514 0.296043 1.0 
    tag 46
    globillum on
    globillum 3
end instance

instance "cube-46"
    geometry "bw_cube" ("name" "cube")
    material "outline"
    transform 
        0.576649 0.110168 0.809530 0.0 
        -0.0 0.990867 -0.134846 0.0 
        -0.816992 0.077759 0.571383 0.0 
        -2.210633 -0.945517 0.468081 1.0 
    tag 47
    globillum on
    globillum 3
end instance

instance "cube-47"
    geometry "bw_cube" ("name" "cube")
    material "outline"
    transform 
        0.304120 0.904096 0.300203 0.0 
        0.0 0.315129 -0.949049 0.0 
        -0.952634 0.288624 0.095837 0.0 
        -1.256753 -0.930601 0.744683 1.0 
    tag 48
    globillum on
    globillum 3
end instance

instance "cube-48"
    geometry "bw_cube" ("name" "cube")
    material "outline"
    transform 
        0.023034 0.356738 0.933920 0.0 
        0.0 0.934168 -0.356833 0.0 
        -0.999735 0.008219 0.021517 0.0 
        -0.023034 -1.290906 -0.577088 1.0 
    tag 49
    globillum on
    globillum 3
end instance

instance "cube-49"
    geometry "bw_cube" ("name" "cube")
    material "outline"
    transform 
        0.671480 0.518654 0.529257 0.0 
        0.0 0.714224 -0.699917 0.0 
        -0.741023 0.469980 0.479587 0.0 
        0.069543 -1.702859 -0.308927 1.0 
    tag 50
    globillum on
    globillum 3
end instance

instance "cube-50"
    geometry "bw_cube" ("name" "cube")
    material "outline"
    transform 
        0.865256 0.254102 0.432162 0.0 
        -0.0 0.862031 -0.506856 0.0 
        -0.501330 0.438560 0.745877 0.0 
        0.137404 -1.993253 -1.417061 1.0 
    tag 51
    globillum on
    globillum 3
end instance

instance "cube-51"
    geometry "bw_cube" ("name" "cube")
    material "outline"
    transform 
        0.514074 0.371508 0.773116 0.0 
        0.0 0.901335 -0.433122 0.0 
        -0.857746 0.222657 0.463353 0.0 
        -2.743640 -1.199038 -0.186404 1.0 
    tag 52
    globillum on
    globillum 3
end instance

instance "cube-52"
    geometry "bw_cube" ("name" "cube")
    material "outline"
    transform 
        0.928008 0.365071 0.074323 0.0 
        0.0 0.199493 -0.979899 0.0 
        -0.372560 0.909355 0.185131 0.0 
        -2.228576 -0.020280 1.016384 1.0 
    tag 53
    globillum on
    globillum 3
end instance

instance "cube-53"
    geometry "bw_cube" ("name" "cube")
    material "outline"
    transform 
        0.837217 0.509242 0.199350 0.0 
        0.0 0.364529 -0.931192 0.0 
        -0.546871 0.779610 0.305190 0.0 
        -1.674434 -1.383012 0.532492 1.0 
    tag 54
    globillum on
    globillum 3
end instance

instance "cube-54"
    geometry "bw_cube" ("name" "cube")
    material "outline"
    transform 
        0.482661 0.085247 0.871648 0.0 
        0.0 0.995252 -0.097335 0.0 
        -0.875807 0.046980 0.480370 0.0 
        -0.089516 -1.212725 -2.126331 1.0 
    tag 55
    globillum on
    globillum 3
end instance

instance "cube-55"
    geometry "bw_cube" ("name" "cube")
    material "outline"
    transform 
        0.625140 0.627241 0.464509 0.0 
        -0.0 0.595133 -0.803627 0.0 
        -0.780513 0.502379 0.372042 0.0 
        0.310746 -2.854374 -0.869475 1.0 
    tag 56
    globillum on
    globillum 3
end instance

instance "cube-56"
    geometry "bw_cube" ("name" "cube")
    material "outline"
    transform 
        0.016431 0.019274 0.999679 0.0 
        0.0 0.999814 -0.019277 0.0 
        -0.999865 0.000317 0.016428 0.0 
        -2.458585 -0.450930 2.549906 1.0 
    tag 57
    globillum on
    globillum 3
end instance

instance "cube-57"
    geometry "bw_cube" ("name" "cube")
    material "outline"
    transform 
        0.376041 0.635241 0.674583 0.0 
        -0.0 0.728017 -0.685559 0.0 
        -0.926603 0.257798 0.273764 0.0 
        -0.449803 1.610790 2.439884 1.0 
    tag 58
    globillum on
    globillum 3
end instance

instance "cube-58"
    geometry "bw_cube" ("name" "cube")
    material "outline"
    transform 
        0.950683 0.269754 0.153081 0.0 
        0.0 0.493551 -0.869717 0.0 
        -0.310163 0.826825 0.469211 0.0 
        2.221627 0.841022 1.052167 1.0 
    tag 59
    globillum on
    globillum 3
end instance

instance "cube-59"
    geometry "bw_cube" ("name" "cube")
    material "outline"
    transform 
        0.818242 0.306260 0.486503 0.0 
        -0.0 0.846277 -0.532743 0.0 
        -0.574874 0.435913 0.692459 0.0 
        2.333042 0.124556 1.136399 1.0 
    tag 60
    globillum on
    globillum 3
end instance

instance "cube-60"
    geometry "bw_cube" ("name" "cube")
    material "outline"
    transform 
        0.941645 0.088267 0.324828 0.0 
        0.0 0.965007 -0.262224 0.0 
        -0.336607 0.246922 0.908694 0.0 
        2.859024 -0.632221 -0.419859 1.0 
    tag 61
    globillum on
    globillum 3
end instance

instance "cube-61"
    geometry "bw_cube" ("name" "cube")
    material "outline"
    transform 
        0.600308 0.708570 0.370890 0.0 
        0.0 0.463747 -0.885968 0.0 
        -0.799769 0.531853 0.278391 0.0 
        3.500192 0.209918 0.674233 1.0 
    tag 62
    globillum on
    globillum 3
end instance

instance "cube-62"
    geometry "bw_cube" ("name" "cube")
    material "outline"
    transform 
        0.993069 0.116414 0.016167 0.0 
        0.0 0.137552 -0.990495 0.0 
        -0.117532 0.983630 0.136599 0.0 
        1.195775 2.564919 0.860994 1.0 
    tag 63
    globillum on
    globillum 3
end instance

instance "cube-63"
    geometry "bw_cube" ("name" "cube")
    material "outline"
    transform 
        0.767523 0.628853 0.124308 0.0 
        -0.0 0.193922 -0.981017 0.0 
        -0.641022 0.752953 0.148839 0.0 
        0.189751 1.975748 0.900230 1.0 
    tag 64
    globillum on
    globillum 3
end instance

instance "cube-64"
    geometry "bw_cube" ("name" "cube")
    material "outline"
    transform 
        0.182606 0.325860 0.927615 0.0 
        0.0 0.943479 -0.331433 0.0 
        -0.983186 0.060522 0.172285 0.0 
        -0.217684 0.047312 1.643282 1.0 
    tag 65
    globillum on
    globillum 3
end instance

instance "cube-65"
    geometry "bw_cube" ("name" "cube")
    material "outline"
    transform 
        0.054611 0.856202 0.513747 0.0 
        0.0 0.514515 -0.857481 0.0 
        -0.998508 0.046828 0.028098 0.0 
        0.581171 1.003631 1.185312 1.0 
    tag 66
    globillum on
    globillum 3
end instance

instance "cube-66"
    geometry "bw_cube" ("name" "cube")
    material "outline"
    transform 
        0.999427 0.017960 0.028675 0.0 
        -0.0 0.847484 -0.530822 0.0 
        -0.033835 0.530518 0.846998 0.0 
        1.549894 -1.192578 -0.962075 1.0 
    tag 67
    globillum on
    globillum 3
end instance

instance "cube-67"
    geometry "bw_cube" ("name" "cube")
    material "outline"
    transform 
        0.840947 0.293974 0.454298 0.0 
        0.0 0.839556 -0.543272 0.0 
        -0.541117 0.456864 0.706023 0.0 
        2.614213 -1.120976 -0.811974 1.0 
    tag 68
    globillum on
    globillum 3
end instance

instance "cube-68"
    geometry "bw_cube" ("name" "cube")
    material "outline"
    transform 
        0.813428 0.308002 0.493427 0.0 
        0.0 0.848299 -0.529517 0.0 
        -0.581666 0.430724 0.690030 0.0 
        -1.047450 0.806662 2.236547 1.0 
    tag 69
    globillum on
    globillum 3
end instance

instance "cube-69"
    geometry "bw_cube" ("name" "cube")
    material "outline"
    transform 
        0.358351 0.891422 0.277399 0.0 
        -0.0 0.297133 -0.954836 0.0 
        -0.933587 0.342167 0.106478 0.0 
        -1.221205 0.810395 0.775835 1.0 
    tag 70
    globillum on
    globillum 3
end instance

instance "cube-70"
    geometry "bw_cube" ("name" "cube")
    material "outline"
    transform 
        0.808453 0.291279 0.511429 0.0 
        -0.0 0.868949 -0.494901 0.0 
        -0.588560 0.400105 0.702505 0.0 
        0.109946 -0.088783 0.854418 1.0 
    tag 71
    globillum on
    globillum 3
end instance

instance "cube-71"
    geometry "bw_cube" ("name" "cube")
    material "outline"
    transform 
        0.109142 0.207479 0.972132 0.0 
        0.0 0.977974 -0.208726 0.0 
        -0.994026 0.022781 0.106738 0.0 
        0.551584 -0.396638 0.537060 1.0 
    tag 72
    globillum on
    globillum 3
end instance

instance "cube-72"
    geometry "bw_cube" ("name" "cube")
    material "outline"
    transform 
        0.991686 0.062328 0.112583 0.0 
        0.0 0.874874 -0.484350 0.0 
        -0.128684 0.480323 0.86760 0.0 
        0.688869 -1.126757 -1.002935 1.0 
    tag 73
    globillum on
    globillum 3
end instance

instance "cube-73"
    geometry "bw_cube" ("name" "cube")
    material "outline"
    transform 
        0.337939 0.888091 0.311595 0.0 
        -0.0 0.331072 -0.943605 0.0 
        -0.941168 0.318881 0.111882 0.0 
        2.521889 -0.518694 0.347894 1.0 
    tag 74
    globillum on
    globillum 3
end instance

instance "cube-74"
    geometry "bw_cube" ("name" "cube")
    material "outline"
    transform 
        0.817326 0.5720 0.069244 0.0 
        0.0 0.120179 -0.992752 0.0 
        -0.576176 0.811402 0.098225 0.0 
        -1.849103 1.682415 0.707318 1.0 
    tag 75
    globillum on
    globillum 3
end instance

instance "cube-75"
    geometry "bw_cube" ("name" "cube")
    material "outline"
    transform 
        0.236094 0.388718 0.890594 0.0 
        0.0 0.916503 -0.400027 0.0 
        -0.971730 0.094444 0.216381 0.0 
        -1.575642 -0.510945 0.079289 1.0 
    tag 76
    globillum on
    globillum 3
end instance

instance "cube-76"
    geometry "bw_cube" ("name" "cube")
    material "outline"
    transform 
        0.997833 0.020188 0.062624 0.0 
        -0.0 0.951766 -0.306826 0.0 
        -0.065798 0.306161 0.949703 0.0 
        -0.531815 -0.332897 0.596952 1.0 
    tag 77
    globillum on
    globillum 3
end instance

instance "cube-77"
    geometry "bw_cube" ("name" "cube")
    material "outline"
    transform 
        0.998142 0.059613 0.012643 0.0 
        -0.0 0.207470 -0.978241 0.0 
        -0.060939 0.976423 0.207085 0.0 
        -0.468601 -0.621753 0.379257 1.0 
    tag 78
    globillum on
    globillum 3
end instance

instance "cube-78"
    geometry "bw_cube" ("name" "cube")
    material "outline"
    transform 
        0.924505 0.366029 0.106359 0.0 
        -0.0 0.279033 -0.960281 0.0 
        -0.381169 0.887785 0.257968 0.0 
        0.109501 -1.654209 0.040010 1.0 
    tag 79
    globillum on
    globillum 3
end instance

instance "cube-79"
    geometry "bw_cube" ("name" "cube")
    material "outline"
    transform 
        0.735518 0.315937 0.599331 0.0 
        -0.0 0.884614 -0.466323 0.0 
        -0.677506 0.342989 0.650650 0.0 
        1.326005 -1.457748 -1.693128 1.0 
    tag 80
    globillum on
    globillum 3
end instance

instance "cube-80"
    geometry "bw_cube" ("name" "cube")
    material "outline"
    transform 
        0.991715 0.026844 0.125622 0.0 
        0.0 0.977922 -0.208971 0.0 
        -0.128458 0.207240 0.969820 0.0 
        -1.808718 -0.011128 2.340601 1.0 
    tag 81
    globillum on
    globillum 3
end instance

instance "cube-81"
    geometry "bw_cube" ("name" "cube")
    material "outline"
    transform 
        0.417850 0.402377 0.814551 0.0 
        0.0 0.896573 -0.442895 0.0 
        -0.908516 0.185064 0.374633 0.0 
        -1.989549 -0.774257 -0.438430 1.0 
    tag 82
    globillum on
    globillum 3
end instance

instance "cube-82"
    geometry "bw_cube" ("name" "cube")
    material "outline"
    transform 
        0.995350 0.00210 0.096297 0.0 
        0.0 0.999762 -0.021802 0.0 
        -0.096320 0.021701 0.995114 0.0 
        -1.541185 -0.492181 0.364013 1.0 
    tag 83
    globillum on
    globillum 3
end instance

instance "cube-83"
    geometry "bw_cube" ("name" "cube")
    material "outline"
    transform 
        0.993938 0.013771 0.109072 0.0 
        -0.0 0.992124 -0.125258 0.0 
        -0.109938 0.124499 0.986110 0.0 
        -1.435939 -0.578967 -0.594034 1.0 
    tag 84
    globillum on
    globillum 3
end instance

instance "cube-84"
    geometry "bw_cube" ("name" "cube")
    material "outline"
    transform 
        0.872021 0.313559 0.375846 0.0 
        -0.0 0.767865 -0.640611 0.0 
        -0.489469 0.558626 0.669595 0.0 
        -0.573828 -1.692211 -1.247855 1.0 
    tag 85
    globillum on
    globillum 3
end instance

instance "cube-85"
    geometry "bw_cube" ("name" "cube")
    material "outline"
    transform 
        0.631795 0.733996 0.249170 0.0 
        0.0 0.321454 -0.946925 0.0 
        -0.775136 0.598262 0.203093 0.0 
        0.990147 -2.757376 -0.408024 1.0 
    tag 86
    globillum on
    globillum 3
end instance

instance "cube-86"
    geometry "bw_cube" ("name" "cube")
    material "outline"
    transform 
        0.315516 0.400876 0.860086 0.0 
        -0.0 0.906384 -0.422455 0.0 
        -0.948920 0.133292 0.285979 0.0 
        -3.161091 -1.122154 -1.224039 1.0 
    tag 87
    globillum on
    globillum 3
end instance

instance "cube-87"
    geometry "bw_cube" ("name" "cube")
    material "outline"
    transform 
        0.833943 0.536385 0.129729 0.0 
        -0.0 0.235080 -0.971976 0.0 
        -0.551851 0.810573 0.196044 0.0 
        -2.912633 -0.242645 0.455730 1.0 
    tag 88
    globillum on
    globillum 3
end instance

instance "cube-88"
    geometry "bw_cube" ("name" "cube")
    material "outline"
    transform 
        0.965482 0.106237 0.237821 0.0 
        0.0 0.913042 -0.407866 0.0 
        -0.260471 0.393787 0.881525 0.0 
        -2.543940 -0.525220 0.050144 1.0 
    tag 89
    globillum on
    globillum 3
end instance

instance "cube-89"
    geometry "bw_cube" ("name" "cube")
    material "outline"
    transform 
        0.34680 0.538701 0.767809 0.0 
        0.0 0.818613 -0.574346 0.0 
        -0.937939 0.199183 0.283895 0.0 
        -0.398030 -1.855652 -1.774297 1.0 
    tag 90
    globillum on
    globillum 3
end instance

instance "cube-90"
    geometry "bw_cube" ("name" "cube")
    material "outline"
    transform 
        0.862298 0.093057 0.497778 0.0 
        0.0 0.982971 -0.183761 0.0 
        -0.506401 0.158457 0.847614 0.0 
        -1.396143 -0.961813 -2.423984 1.0 
    tag 91
    globillum on
    globillum 3
end instance

instance "cube-91"
    geometry "bw_cube" ("name" "cube")
    material "outline"
    transform 
        0.881109 0.299357 0.366105 0.0 
        -0.0 0.774148 -0.633005 0.0 
        -0.472914 0.557746 0.682108 0.0 
        -1.020487 -2.529832 -2.304030 1.0 
    tag 92
    globillum on
    globillum 3
end instance

instance "cube-92"
    geometry "bw_cube" ("name" "cube")
    material "outline"
    transform 
        0.799395 0.246171 0.548057 0.0 
        0.0 0.912205 -0.409735 0.0 
        -0.600805 0.327540 0.729212 0.0 
        0.595771 1.721134 3.831808 1.0 
    tag 93
    globillum on
    globillum 3
end instance

instance "cube-93"
    geometry "bw_cube" ("name" "cube")
    material "outline"
    transform 
        0.607080 0.486448 0.628349 0.0 
        0.0 0.790733 -0.612161 0.0 
        -0.794641 0.371630 0.480038 0.0 
        0.231957 2.202605 2.845123 1.0 
    tag 94
    globillum on
    globillum 3
end instance

instance "cube-94"
    geometry "bw_cube" ("name" "cube")
    material "outline"
    transform 
        0.709449 0.508074 0.488410 0.0 
        -0.0 0.693018 -0.720920 0.0 
        -0.704757 0.511456 0.491661 0.0 
        1.423588 2.035677 1.956890 1.0 
    tag 95
    globillum on
    globillum 3
end instance

instance "cube-95"
    geometry "bw_cube" ("name" "cube")
    material "outline"
    transform 
        0.104104 0.853816 0.510060 0.0 
        0.0 0.512847 -0.858480 0.0 
        -0.994566 0.089371 0.053389 0.0 
        0.312311 2.561447 1.530180 1.0 
    tag 96
    globillum on
    globillum 3
end instance

instance "cube-96"
    geometry "bw_cube" ("name" "cube")
    material "outline"
    transform 
        0.387601 0.545476 0.743116 0.0 
        0.0 0.806134 -0.591733 0.0 
        -0.921827 0.229356 0.312458 0.0 
        2.084629 1.407072 1.916891 1.0 
    tag 97
    globillum on
    globillum 3
end instance

instance "cube-97"
    geometry "bw_cube" ("name" "cube")
    material "outline"
    transform 
        0.470321 0.198291 0.859929 0.0 
        0.0 0.974430 -0.224693 0.0 
        -0.882495 0.105678 0.458295 0.0 
        3.175955 0.383516 1.663198 1.0 
    tag 98
    globillum on
    globillum 3
end instance

instance "cube-98"
    geometry "bw_cube" ("name" "cube")
    material "outline"
    transform 
        0.396213 0.257058 0.881440 0.0 
        0.0 0.960008 -0.279971 0.0 
        -0.918158 0.110928 0.380368 0.0 
        3.943116 0.438389 1.503215 1.0 
    tag 99
    globillum on
    globillum 3
end instance

instance "cube-99"
    geometry "bw_cube" ("name" "cube")
    material "outline"
    transform 
        0.730164 0.376179 0.570394 0.0 
        0.0 0.834798 -0.550556 0.0 
        -0.683272 0.401996 0.609540 0.0 
        -0.589487 1.958348 2.969407 1.0 
    tag 100
    globillum on
    globillum 3
end instance

instance "cube-100"
    geometry "bw_cube" ("name" "cube")
    material "outline"
    transform 
        0.524731 0.784361 0.330810 0.0 
        0.0 0.388609 -0.921403 0.0 
        -0.851268 0.483489 0.203915 0.0 
        -0.653073 2.535699 1.069451 1.0 
    tag 101
    globillum on
    globillum 3
end instance

instance "cube-101"
    geometry "bw_cube" ("name" "cube")
    material "outline"
    transform 
        0.980680 0.055091 0.187703 0.0 
        -0.0 0.959526 -0.281619 0.0 
        -0.195621 0.276178 0.940988 0.0 
        1.765738 0.386359 1.316395 1.0 
    tag 102
    globillum on
    globillum 3
end instance

instance "cube-102"
    geometry "bw_cube" ("name" "cube")
    material "outline"
    transform 
        0.755996 0.626080 0.191035 0.0 
        0.0 0.291844 -0.956466 0.0 
        -0.654577 0.723084 0.220633 0.0 
        1.511991 1.252161 0.382069 1.0 
    tag 103
    globillum on
    globillum 3
end instance

instance "cube-103"
    geometry "bw_cube" ("name" "cube")
    material "outline"
    transform 
        0.782956 0.621908 0.014489 0.0 
        0.0 0.023292 -0.999729 0.0 
        -0.622077 0.782744 0.018237 0.0 
        2.187989 0.461073 0.010742 1.0 
    tag 104
    globillum on
    globillum 3
end instance

instance "cube-104"
    geometry "bw_cube" ("name" "cube")
    material "outline"
    transform 
        0.334653 0.886002 0.320947 0.0 
        -0.0 0.340585 -0.940214 0.0 
        -0.942341 0.314646 0.113978 0.0 
        2.553989 1.142713 0.413939 1.0 
    tag 105
    globillum on
    globillum 3
end instance

instance "cube-105"
    geometry "bw_cube" ("name" "cube")
    material "outline"
    transform 
        0.722514 0.487945 0.489778 0.0 
        0.0 0.708431 -0.705780 0.0 
        -0.691356 0.509936 0.511852 0.0 
        3.519096 -0.553918 -0.555999 1.0 
    tag 106
    globillum on
    globillum 3
end instance

instance "cube-106"
    geometry "bw_cube" ("name" "cube")
    material "outline"
    transform 
        0.082381 0.261860 0.961583 0.0 
        0.0 0.964863 -0.262753 0.0 
        -0.996601 0.021646 0.079486 0.0 
        -2.907422 0.326797 1.200041 1.0 
    tag 107
    globillum on
    globillum 3
end instance

instance "cube-107"
    geometry "bw_cube" ("name" "cube")
    material "outline"
    transform 
        0.567010 0.405382 0.717053 0.0 
        0.0 0.870515 -0.492142 0.0 
        -0.823711 0.279049 0.493591 0.0 
        -1.080411 0.963481 1.704235 1.0 
    tag 108
    globillum on
    globillum 3
end instance

instance "cube-108"
    geometry "bw_cube" ("name" "cube")
    material "outline"
    transform 
        0.915383 0.281147 0.288152 0.0 
        0.0 0.715753 -0.698353 0.0 
        -0.402585 0.639260 0.655188 0.0 
        0.512797 0.920407 0.943340 1.0 
    tag 109
    globillum on
    globillum 3
end instance

instance "cube-109"
    geometry "bw_cube" ("name" "cube")
    material "outline"
    transform 
        0.861137 0.408909 0.302054 0.0 
        0.0 0.594158 -0.804348 0.0 
        -0.508373 0.692654 0.511651 0.0 
        0.861137 0.408909 0.302054 1.0 
    tag 110
    globillum on
    globillum 3
end instance

instance "cube-110"
    geometry "bw_cube" ("name" "cube")
    material "outline"
    transform 
        0.644232 0.419166 0.639738 0.0 
        0.0 0.836445 -0.548051 0.0 
        -0.764830 0.353072 0.538864 0.0 
        1.409062 0.066094 0.100874 1.0 
    tag 111
    globillum on
    globillum 3
end instance

instance "cube-111"
    geometry "bw_cube" ("name" "cube")
    material "outline"
    transform 
        0.719763 0.479649 0.501874 0.0 
        -0.0 0.722933 -0.690918 0.0 
        -0.694220 0.497297 0.520341 0.0 
        2.108202 -0.514946 -0.538807 1.0 
    tag 112
    globillum on
    globillum 3
end instance

instance "cube-112"
    geometry "bw_cube" ("name" "cube")
    material "outline"
    transform 
        0.15650 0.976699 0.146857 0.0 
        0.0 0.148690 -0.988884 0.0 
        -0.987678 0.154761 0.023270 0.0 
        3.119534 0.512416 0.077047 1.0 
    tag 113
    globillum on
    globillum 3
end instance

instance "cube-113"
    geometry "bw_cube" ("name" "cube")
    material "outline"
    transform 
        0.570196 0.253964 0.781267 0.0 
        -0.0 0.951016 -0.309143 0.0 
        -0.821508 0.176272 0.542266 0.0 
        -2.464525 0.528817 1.626797 1.0 
    tag 114
    globillum on
    globillum 3
end instance

instance "cube-114"
    geometry "bw_cube" ("name" "cube")
    material "outline"
    transform 
        0.638951 0.241996 0.730192 0.0 
        -0.0 0.949228 -0.314588 0.0 
        -0.769248 0.201006 0.606510 0.0 
        -1.538496 0.402013 1.213020 1.0 
    tag 115
    globillum on
    globillum 3
end instance

instance "cube-115"
    geometry "bw_cube" ("name" "cube")
    material "outline"
    transform 
        0.999989 0.003690 0.003034 0.0 
        0.0 0.635136 -0.77240 0.0 
        -0.004777 0.772391 0.635129 0.0 
        -0.004777 0.772391 0.635129 1.0 
    tag 116
    globillum on
    globillum 3
end instance

instance "cube-116"
    geometry "bw_cube" ("name" "cube")
    material "outline"
    transform 
        0.209595 0.360575 0.908876 0.0 
        0.0 0.929522 -0.368766 0.0 
        -0.977788 0.077291 0.194823 0.0 
        0.0 0.0 0.0 1.0 
    tag 117
    globillum on
    globillum 3
end instance

instance "cube-117"
    geometry "bw_cube" ("name" "cube")
    material "outline"
    transform 
        0.549970 0.712396 0.435918 0.0 
        0.0 0.521942 -0.852981 0.0 
        -0.835184 0.469114 0.287053 0.0 
        0.835184 -0.469114 -0.287053 1.0 
    tag 118
    globillum on
    globillum 3
end instance

instance "cube-118"
    geometry "bw_cube" ("name" "cube")
    material "outline"
    transform 
        0.805180 0.025039 0.592501 0.0 
        0.0 0.999108 -0.042222 0.0 
        -0.593030 0.033996 0.804462 0.0 
        1.186060 -0.067993 -1.608924 1.0 
    tag 119
    globillum on
    globillum 3
end instance

instance "cube-119"
    geometry "bw_cube" ("name" "cube")
    material "outline"
    transform 
        0.142664 0.471958 0.870002 0.0 
        0.0 0.878993 -0.476835 0.0 
        -0.989771 0.068027 0.12540 0.0 
        2.969314 -0.204081 -0.376201 1.0 
    tag 120
    globillum on
    globillum 3
end instance

instance "cube-120"
    geometry "bw_cube" ("name" "cube")
    material "outline"
    transform 
        0.884555 0.449251 0.125441 0.0 
        0.0 0.268935 -0.963158 0.0 
        -0.466435 0.851967 0.237888 0.0 
        -2.283860 2.106650 0.588224 1.0 
    tag 121
    globillum on
    globillum 3
end instance

instance "cube-121"
    geometry "bw_cube" ("name" "cube")
    material "outline"
    transform 
        0.834422 0.161624 0.526894 0.0 
        -0.0 0.956032 -0.293261 0.0 
        -0.551126 0.244704 0.797734 0.0 
        -1.936674 0.327783 1.068575 1.0 
    tag 122
    globillum on
    globillum 3
end instance

instance "cube-122"
    geometry "bw_cube" ("name" "cube")
    material "outline"
    transform 
        0.196517 0.897960 0.393763 0.0 
        -0.0 0.401594 -0.915818 0.0 
        -0.98050 0.179974 0.078920 0.0 
        -1.177017 -0.717986 -0.314843 1.0 
    tag 123
    globillum on
    globillum 3
end instance

instance "cube-123"
    geometry "bw_cube" ("name" "cube")
    material "outline"
    transform 
        0.845963 0.219352 0.486036 0.0 
        0.0 0.911475 -0.411356 0.0 
        -0.533241 0.347992 0.771074 0.0 
        -0.845963 -0.219352 -0.486036 1.0 
    tag 124
    globillum on
    globillum 3
end instance

instance "cube-124"
    geometry "bw_cube" ("name" "cube")
    material "outline"
    transform 
        0.375856 0.832729 0.406565 0.0 
        -0.0 0.438733 -0.898617 0.0 
        -0.926678 0.337751 0.164901 0.0 
